exp_factor(2, 341466300, 68309797)

mu =

    36802533


mu =

    36802533           1


ans =

        8527        8011

exp_factor(5, 341466300, 68309797)

mu =

    36819825


mu =

    36819825    56437645


mu =

    36819825    56437645    17133996

diary off
