crt([2 3 5 7 11], [1 2 3 4 5])

ans =

        1523

crt([3 4 7 11 13], [2 3 4 5 6])

ans =

        5219

crt([3 5 7 11 13], [2 3 4 5 6])

ans =

       14228

crt([5 7 9 11 13], [1 2 3 4 5])

ans =

       22521

crt([2 3 5 7 9 11 13 17 19], [2 3 4 5 6 7 8 9 10])

ans =

    17347846

prime_prob

p =

    0.6079

rzf

sum =

    1.6449

1/sum

ans =

    0.6079

diary off
